691896
-965892
-821806
-288673
583736
627596
910506
-983852
43177
371141
-847707
-118570
352335
391008
-891186
-844692
347237
344713
-799139
-873538
6646
-994448
444901
481757
-173904
560406
-560912
-438873
453321
804423
-569454
560639
260348
303674
-572737
651064
82404
-217829
614581
-707711
-936051
103133
-246087
-825511
-302509
-333027
-943529
610494
-582808
860395
902917
-703593
-301723
-186664
771176
265642
78737
24926
359630
847863
12462
134326
609901
-441598
100319
876470
-729984
-875663
486493
-7333
-654403
-707229
-149338
1357
-950939
317191
-209487
739459
-999159
-339123
704872
430843
-646381
-681462
-187669
-34961
231377
-170301
244111
-842085
-862776
870937
-392810
90399
870623
116800
189690
-12278
-881900
110641
