773659
-189514
-561101
285008
266777
-83566
-417031
962402
385858
213174
147491
202568
-867355
-272842
-857010
-402287
406664
-236594
15086
373467
661003
-63468
747350
-250309
-626827
-824432
290800
-774489
-485309
259783
-43402
841986
168078
-964168
-688761
618852
358599
551070
-391824
-639382
48061
92822
538557
-733856
-174274
-15971
-548715
23917
-665791
619774
103802
526414
-890692
148798
-387916
676730
177829
163504
-216741
-280266
898736
544287
-519677
882049
-770996
365902
755968
521640
895413
-706202
-721655
114309
988821
381462
-681330
78942
-911369
458187
-874575
247279
169524
670173
-780809
-716817
-403017
-799261
-745351
-334692
485210
899944
715087
594839
-887335
-931394
-965179
-814098
-738321
-398290
305962
892070
-145669
518742
963594
356937
760080
120338
909182
439487
953368
378482
566051
-42320
-790003
601177
266755
-388298
221798
-228978
-892822
-703187
-387708
-998728
-864984
603801
-509234
-58582
300051
516331
-221230
-653130
474056
294152
-930936
841102
-579240
753232
-507885
882325
-991251
-376829
-559756
34437
266518
318611
173215
-866065
973880
-855972
-896212
-882890
-557868
933598
202482
-577413
-333980
34475
616014
-227695
996787
-281975
4530
625466
720778
-224287
-652584
539485
-55727
116823
529406
249146
552077
-949972
-813678
-87866
186313
-256975
-743359
-799748
79841
555637
318829
-375437
894572
994610
-987999
-945964
605735
-963854
497810
-925123
-845765
-941064
-238590
-616522
-378769
889320
216064
-678085
-884467
206243
-998997
143884
151436
-890957
784067
267544
-646853
-303031
-304302
-126784
-99043
-146307
-99092
-543073
348600
-408490
855726
-578412
506398
852951
-368529
853573
968817
733341
-491445
-181236
-378879
803948
12749
817719
32546
-555675
-996073
296481
-326990
-410957
-258033
-235291
-41714
975538
202182
701325
-778495
-611052
533123
961403
830136
-594255
-933048
-782196
188798
-932297
998862
-772614
-538542
784629
634857
644274
-952853
-364165
561799
104228
-75852
-949810
429320
-876628
-116304
-159914
441498
724860
113795
655544
826984
-710727
914051
560918
70964
-107134
350241
-193312
169677
-170046
564645
-485185
-142015
-76838
-593651
-59635
-833666
830817
-267011
-124591
-357521
-315317
-726312
-180804
71353
-358187
-7463
768212
-75821
-618216
-803853
-837252
-457476
-187904
480494
-511666
-668336
-740201
535387
-154741
983261
338178
662617
-369902
-761212
-861682
157221
-50094
-404785
837304
417520
691877
984681
561451
992836
166076
243906
463368
526940
13430
-588745
44049
720618
636136
-784228
-376354
281516
-460391
-645747
-281993
118616
882540
792595
14150
21267
-596385
-428808
125859
592981
665391
391410
683195
214436
-155991
566183
-982166
343719
-724687
-151750
787929
-798842
528627
-388562
-22039
801156
-520001
41638
796394
-153697
683378
-873806
415690
912601
-777949
489533
396404
557212
732759
177643
576497
-581978
-839262
-889070
215250
10658
673560
-670343
-690682
-732334
605089
136660
-786451
-249297
311863
832644
689472
940685
906733
-366315
-188695
-725907
106816
313009
176802
-66733
579650
320847
447994
-409076
-800690
-578465
180950
-300423
-59230
-71288
918325
284417
-10817
-197547
-120967
-799318
-799255
-167866
-960849
951904
-482170
-268700
895607
-234189
-640085
-469159
-914312
-634943
838501
-361134
-861007
780114
905439
172102
923978
170380
218692
-30040
-570283
690380
-603670
532772
799966
-801311
852406
345214
-977297
-43749
767917
768246
-428667
697114
855083
-384128
-644328
-653771
-409933
633576
864739
-588635
736381
601998
-902884
983370
-310215
-436249
365123
146143
9061
961798
747075
833509
-494944
-642321
727799
-728274
590508
245068
-413573
-689598
-183147
-494154
-654019
274279
-131912
-709323
741918
-240149
717108
134480
-580804
989386
-889569
-396201
-52882
523616
535440
42753
479614
-503543
631508
-888345
-411366
516408
403535
-996650
31842
-550761
870807
-142636
-530919
774303
-794955
291636
585466
555114
-33162
-547961
171044
-532103
865374
187289
-606441
-226031
-447582
506513
-835293
-41073
460193
-491548
61282
827547
716904
-698521
-277156
-353644
-45070
207226
-150193
820264
217390
60880
-595013
-505086
552361
-292677
-502475
913295
102182
591936
206311
228006
324637
-982855
-120848
702468
388400
23457
-598668
368152
-966319
-432779
-413219
373106
239343
-62481
796164
-300370
154921
-70977
98306
-418871
464250
19894
529578
943428
417464
894895
770538
-893226
-121077
-291614
190858
-377258
-203044
711970
632029
-37936
-760585
-591135
-119043
-309107
-36867
741763
175770
-706828
357788
-786932
-582685
-840009
799988
-676921
-986897
757720
104519
-661115
-169450
423664
-775604
-649959
77815
947031
477742
-820675
-841730
805408
-30691
-801607
553659
767334
-359956
-895629
-486476
927756
-965422
-336807
691354
446712
-344800
655025
-312781
-669842
344931
996501
960475
255491
-655464
-707310
493608
640698
-435158
755056
-417142
-334183
390139
-101337
-616916
291993
862827
238637
717087
-546340
-803330
-448877
-162015
-953562
-25486
-275367
371175
409993
-728583
-235261
988664
246608
837784
23688
907107
726808
104451
855031
378385
-23973
642076
623450
90669
767987
328583
785088
274714
-497026
135241
-489790
-273714
-637104
713963
-915947
-862057
212134
-847844
-971109
652519
76164
564498
-276307
-170717
-362304
979134
-171415
128144
401041
435026
-644163
-843322
691695
772571
172438
193935
-950029
891359
-202818
122803
-481165
156304
146842
562421
77037
-689868
-397911
765696
-691255
384197
-801269
790311
-76197
-428289
-484873
542031
-709067
-300988
191167
287841
669040
998916
-183390
-853688
355162
765916
-396106
-869531
418228
-870391
804276
-351761
-912604
783383
810703
-625519
-216116
672931
-492623
-630528
143022
285214
-535271
954253
-590034
-500827
-429715
213972
-196569
-837802
58803
291146
-736394
-600694
168841
-363318
904962
262572
-449482
996492
-580251
-794625
800440
1411
-178563
77439
327575
611380
-354131
-760761
516629
934557
895935
-791394
528978
336711
341018
663627
-454890
659370
273950
-275766
-925028
-476412
83607
-787235
-884756
-415155
77292
-197430
-54287
562374
834257
-33619
-120501
911467
-997559
318699
7627
760321
504585
-239487
-837595
265871
434414
331142
-396904
-843164
-390801
-15206
246429
185613
660547
891303
-407703
-929744
-940679
-390552
583898
-309238
-45881
475246
170037
421709
-96688
-85636
926044
392444
965770
-645350
-896854
574199
-758742
223884
588946
648962
-581701
-603890
133669
-795359
811308
6694
446661
234220
769123
-609344
651644
554166
-372260
758789
525022
916136
-179817
-673227
918975
-556904
-944821
-967793
-322499
325730
-637968
767225
385188
966123
492429
-325674
-610126
-769799
-951289
-936102
-143650
-171357
-471371
531064
-131609
-267424
-420606
232836
-129537
-720501
457912
-396021
371685
352787
-693634
36063
-589347
373705
-518915
692973
340110
-224168
-245581
-633744
120022
748986
492647
239386
-514510
176789
112712
-750608
165532
358704
553230
-722680
528056
630098
502688
-939065
155458
442554
340427
176074
-630543
-869179
742884
-812332
547122
875139
610418
789778
212674
54433
-554411
-909307
500366
547461
524919
-688349
-193125
943953
837088
957130
607371
453719
-250335
-329619
-450923
350781
-909150
-646775
878804
-15880
967832
-799957
-967910
142784
-12649
22473
-494154
975862
550971
-475102
-200166
889265
597602
867165
-270845
309949
319702
-204098
-250351
726607
-787002
171780
649814
923462
-131470
9866
-905678
-548824
533599
157874
439939
33940
-457035
-103128
677629
756121
969555
1725
