-583246
-908265
-892116
-449095
839949
632954
-477839
-745319
420123
459185
-387425
-133458
437109
384140
32614
-444461
460427
-424850
-580512
-164608
-492007
230558
369345
-990843
335702
114174
63510
-726829
695687
376599
-250842
-372447
-622705
-166788
-344426
232853
-998604
791524
-147956
628409
562771
879167
358105
57880
396922
599478
167996
285349
35690
106362
664752
309285
-788083
-82668
759813
-683985
470567
-197703
315167
235825
953754
-890307
320387
-71653
-716608
776481
-466769
-930901
-196609
-55748
23821
610589
-395301
197684
252059
-219088
299853
210008
-270741
147202
-200510
570228
493251
-277651
-141565
-702431
615801
697036
-563590
238822
-770257
-929056
-927374
-892846
-426106
-109334
-36457
-290942
-958034
881742
363265
713845
169106
823944
311607
-698661
-8329
821459
464429
210184
101719
-844929
599051
39542
-754384
-341919
-640679
179193
207640
931971
691413
372989
-414270
-660626
973017
-574972
387563
995113
-284630
-314340
902831
-694121
878690
-831878
-573309
720183
54021
458894
-11812
-462207
809581
170737
516184
74387
-908946
-566333
351099
-809155
-733445
-45293
160189
-264208
-44833
875622
346607
65322
-549628
-544129
299167
-377264
-388447
752075
534988
-222955
-189829
141861
-343620
689549
202367
301507
-142570
-442108
571436
787465
-34918
-726728
442727
-35847
687596
-856691
-488052
-639702
847895
268904
893309
-449237
-765473
-889046
369475
-503486
69271
-439819
652673
488119
-192208
296752
246744
649956
928294
-689048
260764
-956094
-146969
-503012
-657147
13897
822101
873603
-234498
-261670
-464498
560563
-970102
-253716
-719831
-283839
962644
465761
735281
851345
202157
-340902
-171209
-996025
581105
-521637
598008
444892
-250041
148889
617822
-253980
-527234
-659700
-726660
790487
-815554
661617
157531
-643942
185394
282251
969088
-224860
-249249
607919
-998528
613346
-883350
737153
55441
603585
489946
862341
931506
-216560
544954
106269
714238
-358871
-32797
801024
304872
315834
-623251
-872364
28196
844735
667503
-137824
-52181
-908052
-739105
-640501
988518
219581
218684
-817436
681990
-99116
-174831
-822110
-925633
329111
347251
888958
-162
-680624
-28044
-227500
131157
239187
934086
217809
591583
-179602
133642
-434130
515593
-928370
306491
-740582
19808
-1872
-781511
280244
786726
-102117
-718117
797351
958542
-373889
481413
425138
682561
894382
-819545
810205
-346986
834841
-608018
-868096
-964446
-488461
276385
-770830
-858633
814545
560473
-628417
177823
33187
815136
-555234
-384302
908033
-322158
504571
-638226
-483032
942654
346804
-474204
416659
863576
-842880
257293
-830075
-764762
775668
-505909
639641
-660095
693149
496758
750252
726393
347758
-864227
-354464
318109
358232
-960768
-15049
256691
-786980
-962773
383476
701634
564485
-65891
997022
832784
670119
690605
31012
312138
-178329
-124958
-563588
-782235
-826318
954398
232036
802105
-224438
427274
-387607
-256772
812703
332115
-945397
261428
-711598
225204
-582162
53622
502648
360411
-797079
87197
-138219
299132
671078
520286
893475
-195332
-301562
284889
-603205
95072
959399
-755189
-417806
809932
694111
-693121
-183863
-725067
-855942
61192
-385368
392422
583158
661756
-840168
-782504
967950
-672026
107394
-186085
-923897
-743152
-391485
121381
-677351
-462149
-946830
149428
-202125
-111503
-343739
361013
507293
-463695
880728
544991
77776
850143
63040
383315
-149621
326394
-260928
526125
70880
116717
135567
400588
-133174
577331
-580622
-599868
-853369
622304
184878
32495
143751
102907
212591
-599890
-71673
216077
-616527
-717007
-675801
-615454
-305831
-170268
-672999
340611
621591
-763584
740671
-382230
-594899
-844253
-901758
719137
-763235
-688085
699543
-584999
608253
876700
-115986
-534970
-846084
-538379
-317782
825735
-451197
-438242
-972357
979786
649298
358053
615952
586313
-962035
293417
-376705
-523025
-34689
90396
91022
-751171
-804891
-874478
342788
-788096
-294975
-707107
-494406
23252
567795
-498984
-865209
445211
-518134
-914999
-307247
-934764
751699
-530203
-231255
-941086
666198
866812
303420
-465210
-564494
483342
641166
-896223
740971
555857
-242967
-789843
-643152
737580
499392
486792
-148361
273274
205958
-549102
-460967
-116592
-843590
-332498
96052
715833
464253
-121691
-466308
-54713
379113
-17676
268037
-175169
-500351
315215
592773
-920351
281083
909601
-766174
-891753
361907
-269687
911160
707578
738397
-693098
-707768
-953173
-608115
503253
-11224
-307266
-639857
625096
324795
904836
585446
-172414
-402379
-420160
-886805
-865295
-49310
878158
801624
383944
493029
-686344
492164
18195
-997831
496540
947432
-813199
630098
-699833
-371218
-617195
938040
-215090
-57141
663483
806832
-311294
92308
-820977
558672
-191120
383052
-613363
224359
-913059
837196
624921
-105840
274221
-615950
891793
822792
-790152
-613686
-992939
-391297
-911378
741521
-706304
-93779
-536388
881851
-487349
897185
-853214
105613
-736434
395425
-657504
-141570
976723
-18684
-463083
156351
493118
232694
459721
-791705
756593
-537470
-435654
41078
125832
-944666
881869
756209
971070
570645
28714
665428
-957139
-582936
-270605
-950319
-427284
-444026
-861069
-416421
-505047
424208
634904
-571774
155759
-286074
-922734
861473
-854803
868451
-813050
68989
-708524
-15110
17611
443204
-695896
-970607
-686217
900161
-572081
-687791
-969977
565634
-838970
-975052
-936611
-399748
-660013
-863223
-381059
-265722
499971
-185510
820422
578306
-564987
-84133
283061
-685986
257834
-988550
752388
639176
804208
-747218
-764603
407889
479229
-975850
371976
14206
-415011
163829
-865645
-870285
-972403
-332648
830059
531291
-903901
353439
-314759
413312
-637385
-895167
121886
-104315
-319468
-324586
-747917
-903553
-625702
-866697
-95677
187400
-195510
-418302
-964594
-463726
-105564
-922297
-954270
111447
992114
113802
-153740
669361
683365
-928591
-997208
-343220
222657
538559
975101
-814740
934974
343844
-395603
-652060
-53014
-111339
38509
-575061
407209
-256330
-499001
392115
-550960
-721468
305883
470331
-688643
392550
818100
-232703
-468564
305631
974023
208098
813553
-745991
471435
970451
95288
786217
-977181
-878946
-494038
134157
-107793
-438685
53667
812403
-660436
-820156
-669357
840222
56223
-214000
258575
443213
-603063
-879989
-984772
555626
-418851
67365
941916
471635
-77359
-312348
-329989
736436
-317814
94153
-931945
-880460
719297
-926271
690705
302427
565363
307144
-807344
583104
-323085
282162
726728
572664
-142325
102674
523392
-58992
-634688
583975
740022
22844
-968756
634479
793902
-485105
-155084
-292652
505738
-516746
364397
411755
-452619
116075
568306
-532739
-689421
26087
196169
277464
657920
521068
-173635
184046
963906
50575
385121
347602
-647683
807137
385558
397726
-11868
150087
-482727
-331018
-22844
532373
936107
29284
995352
163245
78707
461972
743942
-720800
-718959
-252394
77665
717354
-324905
212616
-994099
729684
256127
-564747
522317
-546093
792509
538738
695553
621821
-483194
-893906
-573684
-387738
721527
-351051
-520222
-145677
347436
796961
460766
-652389
631330
741325
259121
686126
-222107
891632
448901
727822
472268
337331
-417716
-905872
-686805
629611
531627
-934900
788069
-777651
713364
-645246
-716385
-225554
-89747
958616
645713
-740928
-794928
980750
324535
249748
724894
-461415
-916641
-321020
115490
156370
-634425
-850712
90669
537716
-815136
741812
-326024
-507163
16613
-518318
58346
532396
-192931
925571
-2609
667734
141194
130279
-785088
410618
494570
-839923
-437686
-135909
-630311
-60388
212123
-216530
598945
424879
651406
-21946
-785220
-206098
-822709
-340746
772750
-945642
71849
-433911
-785491
500242
231060
720172
534076
-956705
950255
435164
951221
8510
-864940
-329491
941371
-631035
255102
368282
827527
-152820
-537776
881303
864374
711298
-15814
-910229
-896317
665591
-237394
305811
912273
106834
-518625
962407
-35682
-646229
367739
937957
-585746
-975358
320629
-149540
847078
870769
-662595
-410983
981235
-436571
874290
-876815
118137
-562492
809495
994987
981207
24235
-979298
323591
-867914
-894988
-826137
-147680
-774121
-337522
787756
-823188
-966923
-495744
567801
-380387
751177
673004
-925549
66594
-447306
947860
-948881
-562443
-853060
-777952
344680
191702
116593
807212
811775
654528
430172
-76798
753019
14168
50390
923436
-80464
-203972
-745707
-622447
502230
-632217
388190
-468965
62982
-130821
-894889
-68134
187108
-191193
-818654
380568
-231852
-353177
-985863
881887
-240856
603449
753839
-334131
518453
445321
680429
728543
-377505
99746
-525107
967274
219975
-620409
488241
-665534
-494517
297026
718439
203875
695235
-788833
-64426
757854
-990688
-888549
-150894
392831
296145
910999
341520
-989469
322559
326151
-591045
597223
-918329
283490
412526
645391
-937322
-207105
957021
-55450
748737
-911625
3873
93706
678421
-5639
-74851
424227
974661
-516918
-71844
266117
-576780
-169798
392328
811547
536658
302255
-670266
-463837
-223619
-864354
-107464
521399
248810
66513
155336
-979464
306749
116690
939444
775480
-457079
229069
-933253
-13995
-419001
84294
208536
-796633
-587709
-857088
-164376
-285426
-424563
-681624
812822
-957373
944605
-807311
399889
4710
10819
-618573
-77203
-272060
-477434
246837
-990541
937233
401652
-479974
632492
-267524
-895860
-411095
-794024
605696
718916
-600166
-996648
282137
699322
393984
-912604
-36350
-986337
-68605
191040
-341496
-91658
358933
773216
780453
977230
121866
-718326
922782
731303
-352453
-425388
304850
320472
-833909
-650638
-930347
-946063
-401734
-997090
-28
-960370
-127453
-281693
-696951
80034
843188
692256
718162
158568
158747
-662294
511014
375664
-525334
724302
-483577
-325122
-775518
908178
570866
191157
832634
-82826
350980
6253
-457258
131699
52502
176743
830604
-202757
345953
327798
-870933
947337
-475270
-214094
238952
-553167
767982
723011
958453
-142930
390460
-722617
457565
515688
-279133
974711
-822019
421721
-573571
986694
581066
-555439
-902827
-441112
316387
-537368
617704
-684136
870171
-159229
365898
-407065
-676365
-485569
963506
927861
974204
-411543
130577
-358542
-552055
-952437
248403
-232068
-499182
-252907
52523
927328
159960
-237660
31833
-7685
-904223
-42500
-633693
-883864
-219572
-354019
-557860
-768677
593764
-508802
64668
-628710
71945
331359
68089
-326959
165625
475486
971216
-571802
188266
771542
172477
-566020
-267899
564688
-531415
-271048
842096
672211
861920
187658
254415
-265316
212999
325477
818070
-510642
-247051
817235
-159850
-979213
-633167
573006
-473263
743289
-506139
-854363
628605
-863779
-958545
-318719
-530876
208054
755613
204635
961774
967021
-70224
858916
-333097
693511
94514
-441228
-530623
-563046
645815
296964
-390971
30784
-34656
910428
512674
-571994
-241492
-506586
21211
-214748
732213
-873177
520179
-455155
399472
-755300
441709
-827655
41508
-716410
230789
364665
37552
16819
-490458
791522
162430
664323
-67254
-887175
483089
-352619
-523835
633222
-463595
-991161
-725949
-561368
444175
820846
41551
-805592
566110
335025
-713068
-961018
916755
-762957
-827197
514098
516382
-794027
602251
330385
408226
-851754
788517
-836629
-302433
376219
645688
-802506
344608
-715645
709385
-82389
-403791
-785736
196831
793402
134454
-40238
-277661
468623
778381
-176217
43494
-144714
444256
109712
789974
-138349
-680843
-933161
673621
-205207
-634101
-697383
-245822
-795887
-228458
236778
403178
-434829
202169
-587580
39184
956394
-296868
-859649
-666550
960185
-595273
-780021
699758
984018
-181799
-309163
-51503
-607167
-99606
569764
-561340
-340539
-904330
-512318
519503
534270
-110936
-693769
666209
700619
518246
28471
-53804
276748
-577557
-178450
-307204
156040
-454488
-520695
226858
-226559
-358081
244719
570885
103135
-289648
-352636
-353831
-172804
292751
969059
398820
310213
-877023
429750
138461
-836888
-520753
-931448
481907
492101
2143
295955
-922780
-310797
314501
377653
472146
333782
-306643
-632547
-722403
711424
-617341
-741748
-620315
956589
-926895
-756017
-47050
-370663
-28801
-426718
717308
-517774
374653
645282
-954901
-925073
-682261
-731948
-995172
143054
704030
496682
972139
856085
718191
121186
658812
656978
-661574
-729073
-201020
-862769
-970847
305574
-389807
-196639
732504
-996303
181667
74877
797964
222816
138438
5792
363095
104905
-701549
114355
679134
-193272
511130
-205313
-225499
924648
156687
318620
527828
-173442
925968
663158
-860643
683529
-729449
-604327
-232012
305461
79708
-313620
212995
911217
564021
-69781
-864242
-638955
-534421
-221648
353098
-113357
35590
-913120
724372
-889921
82159
238428
181281
444709
-492363
383142
944716
343817
596552
-153009
-284638
-327127
92093
428263
959134
-375513
129067
369844
12643
-120852
-554065
-173171
338564
152321
209182
15436
-243222
-343022
68058
-974134
274349
-236763
613637
-727904
-966657
605729
-567223
-306834
-228160
-969044
293066
829007
23421
-162290
-297019
-643236
-425104
982023
350719
-986834
695217
3145
634335
-522984
-585629
179675
611503
-132552
-919805
-452262
54050
653143
-122553
-830039
133901
209320
-507954
939063
789598
244869
-217466
-585847
-321132
-818798
-507913
357833
-48126
-369229
-743381
-448784
523331
709798
376991
-750240
-75618
-931303
-515823
734335
-198900
705505
-647894
-593004
749888
27685
183823
736031
637249
-366839
-1167
510027
216473
-7328
-986059
667412
488389
501800
517497
-362410
-26517
691785
88257
-796231
349240
964256
-91321
299623
-943774
-201589
-274927
-482142
123075
-717330
466843
424481
-454140
-201410
332647
616300
-153800
-784377
368659
902246
-308794
-767623
952721
726318
650135
333911
332199
-581636
78515
-970522
793301
143751
988388
-760333
543813
805395
-471273
183828
440773
-267599
708045
-800732
617554
-499773
-115720
593053
-424980
-790333
433650
669241
-186238
319781
-993782
558708
626346
-406350
872214
-171488
-440427
-772081
324883
696517
-533882
29750
278640
303481
-251658
730418
69997
267720
-719152
-846584
-74434
596003
-53181
943374
-178627
-280198
546687
404584
85873
450110
-56837
340603
379049
-964303
-132013
-521737
442862
993032
646329
-660249
-938468
118161
-503384
22710
271230
-641438
-889501
-69336
-813267
-937332
-618047
887274
-626902
-58887
-341436
-237542
98763
435828
-954248
799847
-777006
18104
-145948
-139715
-482625
537420
265777
29287
504348
-790725
452523
-925332
-652125
-630953
274237
449754
-640648
732846
-740306
-963736
47315
752619
-977143
839262
-692094
272355
-742616
-920377
-507283
250962
333380
419367
-880500
468481
552545
-752615
392669
13519
840602
242706
-288059
-23303
-626799
-575527
-938940
548224
31984
1826
705316
993172
47373
600258
506574
816484
318812
-568063
74642
-582348
194340
-24950
456480
330028
129386
-733513
51259
682487
383360
-245276
-692296
-901679
-429793
-904241
831767
410593
-853142
-397973
397058
303442
-818814
979140
-719436
-316384
-869232
-494960
782258
584563
526317
435023
522403
-430151
455466
-775010
636847
419813
82292
-212729
-436722
-245123
-30919
569639
-78801
-415565
586019
-26164
260116
-830154
-46070
867775
60586
104799
-400362
-326724
212940
86932
-797759
807283
-46226
614367
-112924
170205
109559
-807946
748347
-775130
-707306
989123
-551797
781329
-797972
-579826
810108
-185651
550258
-968038
620375
-95932
275530
779903
872741
806948
-503070
-603037
-960582
736831
-951554
-172959
-791079
622241
644729
-761705
660373
812594
69381
324344
-6452
-937151
382799
503485
-584059
-822696
315294
359113
918682
-705564
118941
84564
164076
-774586
334948
-555163
21021
837280
-218914
926483
-68294
587760
785283
-701243
-596096
240569
832790
311667
803542
313465
-22217
378555
589690
-567279
-624969
555748
-394010
-412423
273789
144307
-28278
488496
-981158
-472470
-910336
909900
778649
176635
-830205
232726
677642
948590
457963
-747942
392797
-878500
-55719
-618494
-491175
-468800
-156941
-291103
-369562
-625246
350407
-270140
926927
190634
863142
-874442
-380916
-87126
822371
-510363
216816
-443102
-283747
783023
291181
-829969
-879556
81574
721331
681222
-726397
420078
45903
-713952
630408
736189
-550121
-8276
872241
336241
-613872
805217
156587
157274
-708543
-884133
-991418
-985970
-401955
546915
-955768
-31501
-51857
-770460
-584794
425984
-542375
173827
-815385
-762706
-307826
563824
-9953
-342280
-960934
325850
-458033
-818350
726533
695099
-377692
-471653
-427081
948414
-636552
360489
588442
24698
-747664
954645
768053
93314
-586989
-504493
673392
-772967
-231148
-334763
187696
-751526
318819
-455517
887393
-522485
-504214
721483
-172311
506475
810810
700741
-86096
-780501
-882190
659683
847693
-294757
12710
-600054
-4469
64179
-767442
-295399
234271
557420
-427828
330763
904668
368670
-280207
333077
-977297
690071
112007
648156
-175876
8100
-907472
585141
141004
-623178
496783
-422934
-886173
-243516
333593
-230973
345103
-625001
-881010
-149942
-745724
-89573
305498
806825
-776935
-92679
-147364
546584
514553
-160730
774536
-659135
-331111
137805
751922
467525
-424160
-379780
673035
-796643
616030
-407728
-563201
398516
234521
166155
783367
248215
873180
-264669
974625
453050
-43752
597453
-494917
275439
685143
-864991
-382999
-965457
-340103
-401746
-783438
-755429
-2268
51588
-121407
-626186
426358
-276557
39227
-719037
-416461
150040
-28645
714256
215973
543
-540045
-458964
-711305
516808
544659
864300
93990
-285742
-467777
523431
-411263
-978331
529748
-122070
-617712
753515
710707
-737090
-622572
-170449
303420
455864
-572725
22057
123987
437971
58737
16043
82054
-307685
87547
705352
314629
18643
70882
-576610
412984
752393
-907316
489377
205702
-64640
361308
490561
-725663
-243822
-886453
73333
599616
445517
124036
246634
-850948
-671471
-225875
905909
360297
-425667
-723042
-663299
-811897
-379240
105082
-949340
297667
-786148
668627
551001
-152102
789937
-766634
606017
-740835
399257
-813258
851650
870347
981919
-136848
-473784
886487
333587
-368506
-408788
-382873
10573
-563997
-918235
-522077
325265
247093
21427
-922493
-602418
-985367
434409
-403566
-569232
385675
955005
580665
710269
535736
-364791
-287552
111353
-64723
-727271
-387245
-701797
-480925
-517527
-338655
-713672
980693
799241
264940
753336
-525139
-738649
-14560
545884
-695210
608204
729020
244017
-913930
932568
341078
-699765
-974222
-442668
-346126
-981592
-537059
204489
-586085
-952621
-722895
769756
960041
352820
791916
-973394
-821788
422023
-771154
-734952
949290
-598349
-425606
692975
113569
239164
28294
178746
-728035
449387
665500
-772477
750480
756450
-359068
-590399
792030
-663432
-605114
-449194
203164
921845
-267164
347851
598395
449471
-54554
-319923
598552
-289567
-138173
-827997
-747107
425389
462293
255476
714352
696311
686867
591197
-10251
-854524
368107
-851131
16
-940955
-940046
998447
450024
579574
-789343
-981802
28616
-630907
43598
-277153
-105469
-395849
-77760
42026
-399378
778179
776106
67124
894897
-830420
161219
260603
904451
346279
-69608
882296
179386
914321
-987902
-762026
-977482
779197
639733
-946720
183687
518094
996798
-835371
776503
-989170
-488813
-851975
895025
416635
253193
10832
-90120
256761
-486356
-647151
695617
415585
-337725
948013
-765632
345946
-410616
858690
-859224
-124141
-387877
219835
-182644
-340237
960758
-72449
144231
521283
356601
125886
960109
-43884
-785612
-430171
-246795
178135
207096
-838168
-540093
-141183
34663
-809036
-146013
60852
176325
-613451
619844
-47161
901214
461935
60169
-245910
55924
445350
431462
-718895
-214266
907380
358346
624314
-584809
289081
-449808
933685
-521042
-182977
102029
-621844
377247
811867
538337
898055
39193
123552
-944123
37179
932171
78664
121919
523533
100357
401797
455073
710023
-983162
-622685
-933527
731877
-212083
321053
-342374
664508
-216689
934278
548552
13794
340147
-164556
806804
679772
-205492
875692
-473743
784602
940372
859129
-575546
-36868
-749971
-400196
289607
-530669
-703207
-873148
197134
-950920
-15025
-444422
694383
700539
816024
6329
120513
753557
287432
-283019
686484
239186
-968101
358187
-983414
723139
-241219
929885
83053
271228
-385623
439071
-107465
556678
69126
-999956
-271441
-641773
153922
929780
577849
-798467
551471
-614594
138568
-172092
272394
-75154
729142
72104
-557491
-744720
-767698
49216
255341
321101
544294
767477
949390
533933
-507554
103119
339848
499747
-532330
115193
102035
384671
-380594
-865222
63217
-344867
-433022
-602159
665491
-118649
635236
875560
-63321
-641661
-183952
536755
-391856
-502307
-578226
491990
-282712
-689169
310079
378513
514194
-623742
871942
327719
308695
749846
-523712
165217
-247557
-989418
355559
-382872
720577
135767
47037
390485
963499
-365130
608875
-4167
329648
704222
-901831
455031
-11334
284115
30085
326496
399173
-872608
114538
-888407
-232157
128653
-483705
102531
-179773
-615013
615506
710554
-90666
-519977
58187
850279
612729
-354782
483941
411601
-428087
212589
-785603
202691
268000
221548
311622
-556873
-276609
-253087
42216
994497
759691
-465251
437498
-504220
-377634
-79162
144541
921643
-652783
-55786
-132005
-358772
-503724
241610
959430
-549807
147140
647442
-519815
988774
-649334
952686
-450092
746748
-918625
70875
737171
-317117
47520
995523
953805
-111114
174209
451339
-672346
938936
-207516
-689364
785861
-414620
-776381
55682
-618760
-609035
-556968
157731
-418267
754880
-743840
-66916
-655284
-579290
997204
-631764
696800
928077
865415
-700858
671710
413461
678631
804834
342939
-583900
-254612
171204
414219
826676
874934
653317
805630
41858
96376
34019
350733
213970
-715105
995027
838765
605079
-667191
-743694
196568
227149
-597881
-73497
466516
-996162
-552167
-886315
-398251
338349
470590
440926
321376
-50817
-512714
850947
901404
887323
-489073
135947
-471107
-796048
211220
904759
-409435
112539
1884
-888051
432317
195072
-163427
947801
183100
-28499
905350
60102
-793357
897247
-757472
540943
955025
868852
-555807
-538881
169076
419952
-460143
940186
-99778
177596
-880173
-561131
-122738
972803
577083
-277991
150539
724794
-913485
963348
596686
-328629
345317
-611318
895859
-440184
715154
588300
131003
-270792
-328675
743617
896669
-968087
-857847
368722
-124494
-320486
425265
677023
150811
494691
-639015
-408044
-709904
-641414
-963862
42998
380471
-966470
-680729
112279
901907
203748
-811818
774211
942860
605336
893765
-177083
787202
-505270
192858
-457626
105118
823542
194030
-859819
657305
983161
240412
-220673
580634
-940358
-145348
14158
234240
909446
307761
-114113
-401564
-315730
-649149
57157
730806
-452668
-721745
-804974
-746890
852588
441919
154615
-124541
241758
251579
-566722
-903708
847783
-362272
11632
463708
-682080
-592904
755475
534382
-551480
-108559
-875285
-871750
556954
283296
-781948
69605
-462926
-309570
157299
373364
1861
-976169
-304983
-643686
788872
-143970
77056
-533674
616732
-117948
-52997
544724
-293111
347697
150730
-516240
456446
-963087
-948601
-718618
-246412
-284378
650603
-985309
375701
-164284
-601261
-101123
-583465
789482
-837550
-997615
640691
-987415
-371055
-951408
-177480
700175
-708621
-456546
-820099
-910485
311748
474244
842497
933441
-753380
-676528
-983751
-777233
601149
364960
2629
374260
606777
-269771
-271368
166489
-700299
370149
616082
894213
-55192
860502
-304940
778932
175344
-953246
699015
-576242
444765
102883
-487298
-35079
-426548
505924
547436
706773
47384
366584
839037
578639
-892905
127057
-814437
-411341
-268076
-216487
127258
-177046
-104953
-660046
-452345
-466894
543151
-989083
-246842
25779
-694238
-422066
513281
-566065
379607
-25412
708685
886473
86226
251394
-413669
-131305
-132821
913811
848131
-457282
-10907
627497
-326274
-415184
926185
-739835
-713143
714821
526730
841673
948911
-401761
-514330
438921
-729760
184982
-724608
116753
-413043
-377188
218058
281208
85476
640818
-526338
-38617
-800261
-167674
776106
-930532
-250207
780328
-622957
265686
638647
34712
282407
-535664
501662
386869
859661
-724993
478114
-212430
464410
918750
49263
662590
227328
-746837
-950809
993091
-338459
-561128
-30556
658801
188141
-890280
69319
494779
-673231
-183779
-507052
-573580
808444
-888422
636523
68806
532294
11958
-930777
546422
-280304
-247292
-78465
629931
-293727
537291
757972
-55198
-531118
-607277
736871
422135
989995
-149064
491042
698944
92454
-196437
561811
-5545
-76853
-843107
529147
896936
-23392
527618
-631168
-716201
-118689
431228
557070
-365157
336574
278093
-892152
171158
113322
-975314
839843
-156992
635891
-423392
-241887
771350
155398
73505
808533
228239
406210
819207
-66749
204280
433020
-853488
917934
-259586
-232314
216804
935509
94144
262614
-566486
-707856
-555294
877236
600196
-295935
130628
343853
-871136
-804783
-940337
-845591
-58738
492495
152002
892147
-103805
504555
140917
111842
822508
81775
-325957
123171
-481353
-443585
989915
640710
667621
-991799
215231
-697574
470549
-988805
812237
386321
-164938
376190
-83247
628016
-753765
-269686
-24350
-161191
-15752
164879
715821
-869210
448533
-203088
597570
-563803
-53558
-647072
718494
686728
-753967
349192
461827
175484
558818
-68918
797972
175617
-786440
-868290
63297
-678428
83043
-617534
391044
-25319
423586
119209
575311
341176
953135
-258595
780798
293135
812942
-767274
498561
-639250
217604
-462727
390729
-132573
-9982
73091
-926675
786511
368824
619546
174364
-208432
-744273
-850118
445481
-651186
-893692
-127332
-478987
904068
426546
34887
-754098
975394
305633
203732
-946052
740309
-370141
703862
733152
-542708
-68406
229787
-486917
728079
-512773
301454
-961202
472197
271371
681420
153321
-476515
281727
-869046
705658
627184
-944326
902486
-753066
-174460
843195
796027
33878
87602
923895
796128
144450
-613096
-230942
702868
180989
381138
-339619
421847
-199467
888462
338240
-390496
-740683
-199478
117171
-887151
745768
-729168
982611
-420846
-647720
-114438
72184
16360
559750
-145219
856970
160941
269831
73112
-780059
-116666
466873
747257
-401252
540060
863519
270791
806694
-95542
-127119
-241748
-234862
454460
-469068
628157
-499423
189849
79249
755122
-522989
989675
-12880
-222412
-371577
49115
939312
907687
29044
-319229
-31136
-348757
222733
-529935
-753025
-823873
749413
-77554
893556
20857
-95026
447710
-314523
-723911
781468
420854
-252099
-409185
487470
-224979
845508
-222437
369558
993619
-639300
-969271
851465
944952
-531621
-287598
609053
-307724
521349
-576793
543983
-133117
512688
984993
-953889
886096
-949073
-763918
595141
382007
466345
301709
347379
-617940
-263897
-635917
641152
252934
-848790
943765
302808
294234
675331
946112
-245941
309456
-309023
907235
393799
792488
916161
223599
-35150
899953
455576
-730438
366735
-618456
876677
-335228
-72439
210447
-93947
-131979
-9675
-604711
-318984
-425964
172620
971478
114616
117906
-549742
-422753
575444
104891
37971
-639593
572088
-950391
-192234
-988446
-124208
219181
-106616
-15993
912076
-820988
53722
659973
44524
-809821
-150683
-7961
662168
483582
553724
-951973
664731
-824853
43311
461652
-673793
893033
-558166
-493914
-603022
328105
302573
-21289
-362348
-281805
-890420
-452240
-394592
98318
510137
252702
273895
40628
-513070
422171
966146
-478222
497850
291794
-670168
134486
216661
565016
452135
-437914
244048
-830320
-609974
405158
220436
-758260
961504
-414695
-133965
-574026
473369
-450925
-855400
-142225
-98736
-138463
426002
-959457
675716
-794471
890408
-267552
-525566
889974
-754256
72042
-919664
449058
779366
963962
-312158
-141199
-246834
-578470
775768
751625
446177
-898602
-666310
-375231
95580
-150958
548490
-732362
113082
-204638
-819425
-548366
-260765
259095
441815
938948
-26048
-379562
-128169
789346
-157736
548831
-175066
860850
635600
456104
-679058
159728
326960
-805045
-569522
54824
782650
493888
271158
-491550
-492279
-697830
-316650
544263
-930851
-785601
948879
725150
193038
996272
166991
604856
933244
342110
829097
-547738
772468
-768849
840252
897647
-266008
-495716
-990829
-349494
-929973
-470429
-804016
788003
854433
-448936
799850
-615189
980108
75029
-64794
108236
-435398
618866
-92238
725198
-476560
792726
826219
-716568
-855324
-788745
-439772
98816
-876529
272267
640236
69010
-474334
608354
-550142
60827
-709069
-88014
774792
-503178
260554
622586
815002
24670
776956
-699825
532085
329486
-424193
7261
-836242
-326209
-53393
-600414
908779
-269062
-529024
-342685
-415258
194820
-590638
-846000
-279519
-856437
-636773
-302726
-992170
-171898
490252
321260
346792
-745306
252935
-308655
639723
284933
453918
-742773
-801854
122591
-342687
382824
598749
-642985
-811814
-303309
59884
589908
-167415
526790
-796489
-308568
-933043
72849
253980
-303873
-161159
329291
866582
314114
124707
-865572
981538
913030
-813964
-611907
-13633
727721
-114424
-326902
-405840
323655
103082
-570249
392088
-550556
-672388
-731033
81050
643828
-515332
272101
-27485
815965
-346074
456711
340963
556301
-118575
93458
-666772
890036
-127837
-649237
-456688
-25805
-127751
771807
-501791
-885621
-575197
-402598
320150
663207
-632977
136599
272182
653454
-9981
-140109
-535691
401753
542110
-410739
589698
-21955
-325987
-874500
258686
-682719
224900
-58222
-508743
578490
146512
691322
-37045
-746915
-241840
258150
-758671
953163
544560
-331946
-491884
-365092
-745133
-704417
174095
-584328
103869
638420
827090
-222691
-895485
-746802
-509484
-950897
-482031
-3838
-193499
-384217
-32998
475793
794284
-382103
478562
-631702
-804494
-158495
974941
554288
893689
-687627
-37784
395511
96841
137715
-211545
901911
994511
-987962
601505
15471
-279206
-755675
-4116
837717
-283140
826458
-802450
109388
917587
170890
-370319
-281206
-365517
791052
-402478
297451
-511571
535915
18449
579499
552187
789061
73093
-640438
-682221
-482727
214039
249925
-122776
573493
-762202
-218333
-461563
156031
9890
-315631
-454569
-453643
-867507
-232796
76476
601943
342398
-31807
-215355
230890
-505018
-237165
91127
-301393
186217
729061
-96273
735276
-83776
852659
-643455
-655538
471179
80018
42073
-13132
255704
578806
-102165
650737
-555615
-202738
829177
-597509
-687694
-961063
-582590
130361
-574721
-621469
312353
864373
467432
-403476
-323591
854837
-187248
-902225
-585015
947921
159231
-52303
-757694
-176167
319712
-302340
829636
-313985
309979
-369465
696970
-663682
-17645
-349113
-427804
795671
-514372
531536
933632
323815
-373965
660174
-444739
-341841
566934
380145
-120900
828304
67041
505434
-838323
-613930
857078
-55061
978509
-510665
878786
174143
-180016
684761
873790
36232
-96138
-917625
-271921
665174
895761
112365
-699811
-515963
-873484
-361614
71600
-783872
752546
49848
814600
-708867
-307473
11101
-688344
558128
770232
-24510
41603
415857
-47918
-725062
-935277
-800055
50452
219111
402162
-836400
-720456
403342
-348536
-522558
-538232
113958
-261390
-324724
804029
238869
-234135
247694
-884419
609520
634031
-120744
-914631
898102
-876762
-775097
574610
589991
740500
848498
-350056
546002
-739554
546620
953719
605607
146951
-547797
-457179
-275749
995790
-185251
308809
709198
-920996
176841
-171890
-555683
-510545
492596
-309019
-504569
438431
109314
428365
50372
-835769
-289107
263829
134784
-741492
659430
-740482
487830
659361
49024
-387526
-606832
518999
18835
614095
529835
550091
353404
-65443
800976
-421215
-704044
470812
-755881
-715764
932772
-425467
-850127
500960
987456
424515
136447
499569
304775
808758
-280687
-161497
19534
-188288
385954
-451563
315729
-594787
542344
511443
-864965
909715
777678
675507
677076
55616
-3697
-943383
-766573
-776313
430597
-308729
835058
43466
993773
-887822
389687
381602
-318819
644997
-17053
-786354
-454558
862483
-311979
-513922
554060
-204084
-575635
110844
-370091
-720386
758906
424719
327283
956065
-868526
-910894
-132571
-452588
946301
-699392
918740
944168
931749
417099
-374296
214847
632234
463713
979432
-672489
372220
-641134
95558
135844
422557
16737
537502
966012
870218
807160
383670
688762
-79844
294882
810773
912495
204238
457934
-856994
-727350
943677
-892529
-106794
-686718
870801
953059
987598
376725
-123777
-410570
-85143
660475
-308652
-919198
761351
657849
212202
-466564
-937996
-906130
-835301
140872
-855607
324
470869
26893
-32386
139272
-868796
880546
-344256
-813777
360928
995705
55125
364000
-804957
-893004
-66528
-354918
-43888
704230
-861331
-722195
321305
335769
-242842
958439
-662422
-930335
150444
175520
-245599
880501
668915
698164
306305
-972293
-884510
-560151
81098
-68767
485578
63973
-501242
199475
-187943
-716577
53885
-825582
930523
-423143
560933
-664985
937933
-568728
-940112
189460
798877
492150
-930464
239657
-884144
-308835
-800648
319816
-558881
-250546
409943
-758713
-900322
-728844
99827
-602929
-952156
-846342
424624
632121
-890567
-969807
891862
-203887
577572
141414
724416
658631
198324
953466
-484532
-960629
-233654
-181544
233052
423506
900809
21684
-135878
368354
131235
-387864
-967822
827244
509638
168246
-801247
671574
35709
-871821
507998
363709
-209136
836136
-446113
-601650
-420627
801353
-607235
-730309
-552054
349788
-352066
973770
-718456
-507634
-564227
-453832
-290056
-343736
-653401
-69940
189894
88227
841819
441135
-534422
640012
398491
976963
-102502
-105594
-628937
-967401
-694765
-897922
-551723
623666
799356
-142539
-787354
500576
-534760
85178
-133938
-22079
313812
-490130
803770
-655671
-337654
18969
863207
408837
166543
794128
46903
-217476
160011
-692200
-959513
960216
85680
8693
962262
443087
-283988
95521
-297734
965085
-969840
-507947
914427
-596406
508461
-421765
-421692
-246259
-893369
-363404
520471
-216074
-264835
-716661
563550
-612360
-76292
231399
227864
948815
-968492
952669
-657357
722791
-51322
-885529
589405
722623
-595741
-134435
774741
143317
154281
-127662
112708
775094
-666237
-209451
805933
-332158
-488829
-278563
203257
-813437
72135
73733
-926841
754025
670718
-773312
273961
965979
-953338
-121893
636489
-736660
-196774
-416981
376007
-778767
-126636
-125180
-796099
-828887
-790953
-322370
-291157
-490866
630945
-233320
648383
-36761
-739174
-664032
428666
732920
-629862
992202
705828
-20987
905480
-960925
553901
933656
-651487
931293
-974911
-873778
29879
-147917
-811667
-59031
399790
631812
-363077
-162967
-137060
-310563
436347
287774
-500201
-930822
739158
443479
409728
511199
-122473
-423719
745537
450747
-232303
-432857
418212
95771
414195
872773
530621
-186835
204714
-384364
-365863
986495
-935679
24520
693275
-167850
108438
566320
685343
964297
252399
159079
196542
560880
-988781
767702
62641
771777
-967392
-329389
-225361
-764672
783056
986234
-932791
-16845
468100
304584
247973
-773470
331784
-447970
210823
751602
909584
917930
485260
-995570
872420
-280794
-524873
-703237
882336
887261
-304019
881913
-798351
264256
-953890
-870451
15967
716926
-387971
512093
-977560
397250
164451
-289275
-89462
697525
-155968
426604
324270
440061
-513916
957098
564014
-399517
-694463
488614
360985
963840
-665860
-469907
-711200
-820550
-91041
134437
-371982
761885
875744
-192799
-233005
-845197
-983615
-305061
-225891
665156
359590
-698997
516553
-803501
469913
-699007
-165785
362245
-455241
-349497
141882
356416
-227739
-637824
191947
572744
879822
348041
-396756
204341
-949879
-634592
-986273
897011
93424
828117
-100054
-954644
830521
-801926
-404401
126352
741899
-192842
-725141
235647
-310294
849394
289284
-830786
30237
20678
-429327
320540
-387965
227429
354251
536283
319697
-86139
-4945
-997522
-865327
761616
-145633
-158015
-97517
405826
446273
-878335
142950
261344
666620
236469
-394817
-889153
6931
-131437
913568
-962396
496446
-33807
671145
-534097
-377772
-429076
934082
228636
-864193
-432719
-71435
-940566
113399
-662884
128798
53253
-275162
-157504
-454948
51204
777969
47359
388361
471376
-30902
189574
787021
-576334
953189
-297685
680943
-503699
-883536
-265849
832622
-714900
639693
-548131
-726331
978903
-470463
-644852
271207
993432
-28614
-541949
209965
679532
785444
142496
-919775
629544
508804
-896752
-514633
974396
263113
181255
118975
-780739
684293
757521
-832937
248619
408231
-883130
184353
-218557
991119
-431045
-573891
998465
-49384
-416084
406624
-762875
59423
-582000
445154
691257
-276975
4785
-858522
809863
974711
-677103
406832
630815
758482
-406548
-831209
91365
364849
-862827
-929988
724078
333877
299653
-882052
687281
304009
-594630
378980
302583
-396157
108027
-13278
411372
-960710
-740755
246000
-336725
-743066
607267
-185407
107986
512995
666691
-638937
-51337
567990
643515
892522
-257776
42160
13471
629848
100835
-996271
-938054
103385
-481570
-221300
995750
13063
534462
-846316
-447705
-763061
84368
363915
-338636
-386681
997144
837220
436726
-486751
3088
416764
777948
-452428
-272492
-966459
971774
11835
-920080
287331
-864379
430091
115879
-263717
-737818
502298
103437
-524453
591868
-267412
664733
177438
881940
-103098
26294
-289304
-359635
-896432
883040
-713025
-224123
654021
719686
747037
348087
484867
-804378
-426098
-242190
275752
354197
-9645
17327
-735420
-309075
82816
698606
-439626
61455
910990
-295192
-437468
-522920
-898151
-884787
-614890
657908
-74622
316143
796848
986159
-813820
-116525
572902
-465907
468431
408735
870684
-543161
802941
-349280
264786
100550
-964723
565441
157774
-544497
-965505
741887
90148
-306028
-2116
-42350
922803
-674690
-580455
-15369
-927870
693300
768701
-727706
-84504
-437623
245052
-319029
542202
-220773
-877279
-802170
-758642
777478
600480
-632465
-22555
-254499
-656709
-342905
876338
793045
552895
171226
-952195
168412
-488783
-311348
648288
-267474
470805
138196
919548
-599101
585003
-648729
408294
-517883
897651
-591844
-386954
927399
69349
387726
162378
893302
-543582
206061
105296
838455
-752672
-485412
-392799
-922100
366890
964777
-60840
-924850
10793
878521
-528620
-247280
205285
-842745
479875
-239473
-890494
837795
927471
-388738
-164449
343449
290022
540582
-884399
650559
215948
-266754
-847393
-636995
714793
-726879
-601246
-97660
-310535
495746
-565056
80983
544812
974328
439299
-722072
-719168
802501
-769405
977628
-21681
797013
-883530
-612595
484121
389826
-859105
-172290
990255
720093
190838
-712607
286424
-468325
-545747
503224
185133
535028
-265095
-528218
-781661
-209703
848069
-954073
291573
-676976
-462012
390728
979574
-563549
14167
-828939
193602
-540287
-691381
13069
677518
697383
-736793
-473511
-801346
-117962
743372
-206963
-49121
-704188
467892
663231
20233
970334
-734090
-131187
925389
736847
898708
-388882
-850773
-967752
982215
-923063
-382237
936147
-925467
415342
-642622
649286
416093
961059
-297561
172586
681819
747082
-150401
50411
-424843
381860
-483552
-934546
-637386
303993
-444578
-310122
-76095
-183082
308465
-791672
-364959
525343
334966
811558
-844796
11659
214010
-657768
-851822
-240653
678884
511312
-722872
874382
-328040
-329590
314220
-353154
-989732
-991359
-106933
892889
-740507
-134899
851516
-455432
-446039
-258834
281661
986966
-471489
886383
857482
-552171
-70819
-75908
31621
153223
-564715
565595
-318635
752524
24437
-574594
-396215
-300476
514914
977287
290127
-771414
-877161
-291071
873335
825434
881492
257452
997903
-593462
-324112
553721
-108609
486917
642289
-657923
-316532
182249
-39243
884602
-506123
694033
682039
534844
-280467
-85714
-254632
716521
460643
795825
63051
867456
-590182
-804120
251921
-206545
-136862
-350192
-794119
771207
520571
95462
-285514
-407122
320444
-989492
-433411
946786
629535
-326322
964975
-394814
825120
164876
-281099
808196
-616976
870384
759854
76824
26317
787564
-447268
-223014
-479966
-28636
-452144
-891826
826296
385305
382653
-45280
312395
-370522
723123
842432
482097
-593596
-62756
-666280
695830
679398
238085
-976914
-138579
487759
398813
-277968
-806891
296853
-235616
838138
-329331
-290655
878823
-786168
-648505
782200
-59181
-835044
-336129
-963160
722543
896285
10625
-401090
-766871
-331818
374518
865375
142981
-600545
-576638
848204
688497
-33112
-321690
-931637
-62287
-3796
748829
-732085
366246
605346
75949
20037
-450133
-473552
803647
-591294
296875
379458
-201837
50660
161727
651837
290700
702313
411742
742981
-360247
972191
831185
-696794
930759
-178111
-40162
-8247
-413441
-364720
193265
-257251
-431876
-618127
-280017
-961196
-370714
-620193
-778966
266917
805671
67457
-336314
320765
949272
-51458
437037
-175478
-548371
888897
482903
-267562
970515
784620
-353723
458965
-337747
-300863
-131796
-186842
134007
379586
288960
-346012
-132168
-7016
335196
-190647
-176448
-529386
392445
959089
454735
-955655
-309567
-841055
-17609
520691
685274
700301
900211
-334974
77646
992646
-508893
-834880
-701508
-873352
-313796
967747
920614
-798936
261595
787337
-535938
-93686
-629864
-582960
804348
297442
-701285
835794
217658
161350
-191093
-209453
-133068
883855
58273
540782
-989512
994348
-690021
926442
751253
607838
-522693
-241813
-862236
947306
697280
-392112
-908590
-91252
-309478
769628
-726694
351440
649441
928762
570456
-153568
520383
994441
-495621
-980600
542827
529615
414992
525130
-992031
374140
658875
176592
232956
865098
59594
-735785
310106
-946836
983637
-73367
-520049
900853
285577
-297009
216886
-134354
-698660
275884
-619965
-189305
748855
922351
-62547
408577
-874610
475586
-262498
-673755
884167
-398783
-714989
-146248
-537733
26860
-648879
693721
527496
792586
-992718
805522
-915470
119261
-755217
543204
982784
-969160
235951
292798
304200
-160944
-80010
-549560
-601913
361634
557987
-353664
940692
-882738
-647136
-466753
-912659
922416
-444056
638866
580913
-343363
-781943
704223
53144
93747
59536
665371
-519213
-722690
544599
-109528
881601
209914
-189384
-926498
-590136
-72121
-297358
13121
-90479
25700
-774269
217504
645694
-243649
243061
245216
201180
222274
-527230
-922563
619753
-575434
855888
-372578
-519959
105237
239147
-645889
629865
174717
263808
-292479
-117293
-745945
-607419
358544
648462
568190
-697263
512734
364879
4396
165976
756906
158756
49023
-431297
730030
-546262
-652206
-625660
-916520
-295978
509788
-311316
552716
-651149
749559
968219
793028
-484859
375539
344757
-874187
128773
217520
-923530
-412919
960321
-917370
395196
-982209
551404
-53346
348072
378929
852582
358870
-41811
-125380
180571
914468
672496
-620285
-153922
-225693
-930519
962079
-425658
288781
191288
802139
150225
-757945
-130139
405422
-740560
-247119
973632
480746
-843858
307799
259594
494392
-254990
-558716
-394631
-535129
-298305
554200
-202026
665524
-590924
68184
-729302
-229849
128407
-624528
-38109
-763085
-641742
-908682
257381
-29273
268465
919518
970992
715655
-753305
-665344
-176604
-444080
931600
-232534
584953
-501091
-751150
-896155
458468
261691
-407885
-733971
-989134
545795
922359
-130033
-531059
-509862
104541
666935
206091
-805765
671468
772602
-192934
600188
859812
-809787
-722053
278336
-780461
371370
373691
26874
347210
572329
-983746
151167
263123
867655
638522
988018
89453
-237118
-541227
-496489
387377
-733650
-436949
-805240
660928
-602895
-748660
-670806
-297967
-143120
-485632
310653
-101771
593353
371785
284645
-811547
-576869
-306580
-553330
-222771
-862190
458617
-915656
-452932
508474
-379143
-937830
-917873
59387
-8472
393169
922422
-523162
271886
190044
864985
699346
-885634
-172886
-651596
-644024
8845
917822
-743023
-11478
543091
479636
-378617
946447
-918575
879405
-712742
474941
-657834
-953359
-419797
-915564
-433754
454924
-218230
-649500
117205
-268184
-263276
626931
283731
-764175
559746
983011
146000
-114037
-212762
-120786
226899
-411910
-53542
-204526
7748
121891
-643093
223412
25538
-461500
302717
111814
-409635
-208402
-299226
315574
864750
929825
-338896
859021
-284856
910664
444376
607783
942812
974771
-831356
161619
-964914
365825
329658
754733
765844
637329
-4202
763544
-899899
935788
101155
198580
990462
-192246
906707
-498508
598111
227671
-842931
65612
761598
-763744
40893
897196
411532
707064
422022
382277
255657
-748200
16528
-117454
-762715
149940
618216
194664
-580462
-36
824389
566051
-537448
-796477
191831
-117150
135364
438016
-235988
320244
-877482
-282360
668899
259668
499088
281854
419784
217174
-147075
-564506
79941
119968
-535347
409568
-344471
415168
-759124
357128
-974056
900681
-542179
353790
493066
-694708
269933
-469359
211907
974812
-113156
44397
569937
-275960
437576
-232177
206579
673026
-792242
802889
-47804
-209594
897257
-550163
-370192
-209731
549582
-391722
950951
-828823
558075
-675001
195646
276469
167297
-101757
-789668
-906699
655268
-942653
-414618
544055
-72822
-91296
-598504
965844
-876900
927335
-249153
122473
431963
-134183
-689680
980053
-688512
351251
-404740
430436
223788
-818365
-930231
-543016
-58225
-922004
-932497
-17180
578966
154089
-60207
-12782
-966080
-678093
481281
11841
-637449
307455
123766
736268
-87843
-327632
222915
-967830
76955
407140
-481405
942881
-889719
64550
891171
477883
-352269
-542754
652699
36711
745121
-382881
-199568
392262
448930
622880
-193944
971441
78560
-417677
-690221
-220567
-277952
656919
671866
-538309
308047
581955
87482
-138628
788237
-190949
-837008
235163
-662427
-476138
434922
-94032
269994
184213
-349761
-712838
313822
-532404
871462
512775
-485946
-51698
-270608
-854837
667508
-28725
-837021
-691894
853183
-236210
-661061
503398
-437417
185482
638949
665400
-795983
-310499
-273576
69142
-681576
-561055
431732
181984
-172530
-185851
149527
654422
-379433
-23308
-928207
44320
-532447
-632822
-954188
596801
-13643
-470276
585497
543390
-260088
832943
200370
302151
119
-26023
-310898
376462
508251
500750
977095
167558
920956
-34617
303501
706015
-276017
-176190
-229222
111481
-788116
799188
784115
-75312
32207
-255097
296143
-801544
643311
-589649
245308
795792
25629
820203
-5052
-893122
465470
-302620
321443
151144
-21273
235541
-120457
104311
-94522
678122
65109
49897
-393508
121418
239862
-166946
-111562
-460724
-664367
691528
176193
-838390
170949
10046
-278487
592964
-605338
-466237
658184
-130643
93204
-134274
269810
-463091
-552660
587487
-268796
-793280
461418
387880
819907
-178791
-601188
-514439
51283
718744
562171
629868
284655
-330198
-159162
796826
913987
-172632
-865224
362985
-177572
373317
814447
195989
490653
-56741
-884963
307477
912544
49793
612832
91969
-378704
-165280
872622
659754
385006
409994
259888
406044
169103
-478363
-503574
61930
241029
-703842
-364917
144834
-238283
558473
366940
223807
743078
380173
258652
-414403
344725
664193
-723446
125922
291
960338
814188
-708558
582787
854010
-988563
-878418
923985
63449
-73411
717710
650836
621759
231892
760752
699503
926689
-706733
229121
-513280
778065
535957
-259056
914071
408982
574703
162382
428315
524892
283976
-906893
809235
-367961
-878129
292181
-729136
548805
-918469
-509577
-449190
592017
-158557
240177
669996
198156
294220
-332639
-555562
76941
-788801
-71151
1822
24730
584021
-594437
108001
-460510
301275
-488385
116667
-977262
-123317
-151127
881212
54773
-31100
-121125
477241
-379032
998518
904250
725855
319462
-870468
249615
-332637
169444
211103
-579450
-359350
62571
-363741
-466917
225925
116231
-80038
-962219
-595516
-472663
970161
-681032
-62626
634505
-327013
-205231
507615
-312799
725495
522112
-641071
-391988
-313200
-455651
509691
-561288
-442502
734217
431577
-513531
347005
-778933
728833
966123
-241909
-367562
135168
-28669
522562
-564664
-942124
283344
-366815
-741370
-425967
-57832
747150
-847260
426852
-113846
-164322
658181
-535881
923093
-554741
-380694
499056
763370
570026
453650
-937579
-705572
885688
-781743
616077
-388138
910868
627053
-804545
-824229
-2254
589959
941192
872885
827168
-726379
434498
576659
683621
-719424
495305
116051
433822
619016
-416353
-986894
179245
-790060
655007
-677187
878424
-916856
-932920
597756
-783972
-46895
-308647
856465
-106100
652044
389017
-349047
870627
570222
81262
-798569
754089
-943644
-565343
-549278
149687
-287474
586040
562811
922778
-572660
-739222
158757
717850
899707
372554
-863625
552343
-899652
93951
-555272
-344312
469554
613843
91581
81579
-116198
151956
-982216
416554
658736
-977313
972894
924164
278024
-525527
468438
644747
-768584
-92320
441704
-344437
928368
-210603
-32808
274891
-825603
114408
-946057
-586064
-103050
-420665
854699
-491084
844044
523409
-896539
942642
591864
565572
-382158
318083
-573563
686670
-136236
207763
846878
510991
734901
-685750
-884407
987483
-703037
204315
135364
651636
537725
391711
189128
-6327
287309
330478
567678
973590
730761
939938
213664
-500048
946059
-566664
883368
404776
903523
395230
-942805
494657
-421390
207694
455523
668113
-847060
331014
-161401
-750820
673439
-247143
252246
587581
-256575
-341222
-967630
519332
454226
-320945
-514227
-693763
-553794
-966060
919484
-898836
495551
-955199
531641
-494428
73012
-31970
130998
-142798
-249126
-273454
-965465
239813
970361
-572897
728965
361819
149883
-381771
375322
858380
-194976
602043
-575307
-181767
-69547
-186111
-780751
-976896
-293028
670261
761773
7923
800696
-647943
-43930
216962
-884466
-634149
-547207
-938514
-394732
-652647
-596963
-585865
731696
-957803
-591018
-604104
551751
815391
735737
-75050
-768917
-682414
-365734
384287
-966876
944337
-208435
760216
-443031
-682734
760161
-579702
-207422
925112
-493629
-581055
784395
-336800
-551222
605923
523398
-277540
-519408
-545716
873749
-278905
140815
-278421
-711975
305365
-275181
-540722
415757
902051
25679
-60604
640435
867124
-983037
-84024
468061
181891
697301
658497
191679
-747727
-860413
543043
-165155
129453
187999
-260835
-865653
-336990
-103604
-537306
291102
849354
-538003
-991967
786382
722194
-342617
339932
-475270
-890054
-745147
784057
124720
-523869
-897967
-94761
-315320
-370154
118976
-606055
670008
-446613
241068
176844
632168
-516900
542849
-836271
510899
-777454
778387
-999643
-965804
308202
-929434
-123948
-497364
-998333
784133
910857
747707
-159313
91848
-47258
157804
126138
573095
-714311
100237
209939
919183
-855958
128762
176147
-349911
260433
718620
473588
237250
424261
687260
230139
-536375
316182
461236
-185171
-787352
79731
621312
-631105
-952689
-386339
-30412
702033
253622
585956
-233183
133218
-965145
757143
-299966
-312962
759136
-327961
312410
756802
-987141
765618
-760253
-256559
189163
-494935
-707952
-961789
-232680
-564418
-45920
-454500
-355255
318142
-60479
21958
158222
107559
-247342
-992823
460307
35755
488619
-556582
-447201
-944635
-619495
-81684
-42488
722402
438759
-857036
72217
-662272
-17782
858678
-860882
-750830
-218010
-815318
907240
-348828
772780
-933241
-447363
-256327
768375
-959814
-591163
412987
208492
-994861
-258217
480298
825778
-255712
616357
137120
801754
965328
-523060
-327824
899442
14091
-184564
641281
-616425
-181522
156536
-106403
-610730
689857
-821754
203575
881344
526285
-589032
-463319
965269
-367760
-776296
137335
-439581
-778771
-441183
783851
760346
15387
55051
-638763
-573428
-855870
-248529
25571
-890101
882
-55319
-572237
104866
622537
205227
44833
484493
-959997
57078
479903
514171
512920
-168538
-19515
-862819
-904972
175453
224805
-440413
-507755
118684
-795012
727893
-627269
-26523
-939205
-735596
15253
220862
-29217
878723
-934556
-240329
528876
777852
-672320
157502
291949
73934
173477
784857
916083
-139277
-592089
-829951
-441387
-241414
-347869
-978033
706983
-579014
364704
599500
944839
857327
105027
-285992
187086
-357252
-777111
-247735
492577
93045
61895
-7552
707382
-93141
152431
637962
726321
277402
791985
505659
288781
820834
-561942
429422
274044
11191
-344971
-352783
-750490
-395188
-103975
735669
667886
933233
-799006
-943070
752902
-69140
-89328
-978973
-593229
309418
-183457
-987846
690975
-189591
-458519
-710089
-850427
368903
755258
-877681
950772
820097
622164
824208
693168
-873030
-147943
-753475
799247
485581
939416
894931
411208
-35105
-585054
-797283
-370632
-942711
55362
892611
596261
-139623
389617
-373983
111271
977818
-897409
731097
-568675
-369986
479924
783276
-662241
884797
-762154
705859
661396
-131584
-550495
650732
-970434
371202
-781203
784674
-193345
734781
781910
-324855
816406
468288
-171689
814742
128046
-134182
-413509
-54901
7039
742556
455488
-586757
-382539
655116
-170173
623712
534473
-661280
-931750
-178383
-221871
-439733
462692
-955353
351467
-189995
599971
4131
-351486
-243634
396819
882312
-110545
191389
317652
42044
-961381
305296
254434
-555539
305415
-487168
40993
-806096
-475436
-48195
209252
89591
881677
-127970
115144
220221
-404705
-668478
-112797
805500
-157359
-491356
672397
-309892
-380463
15736
-179540
-2232
-577909
3278
-310391
-186528
-61594
-377079
-757971
-416613
-758755
-459048
480190
671217
-580835
877257
-312912
-723656
154860
38982
590404
496283
22481
-424683
-506390
329365
678038
364330
879890
-852707
165741
-805320
914380
-773361
601707
96931
407373
-956642
658050
394057
-182344
972842
-94964
832561
416231
248244
-634310
209212
-302140
-590711
23857
-836849
-116922
320282
391207
583818
54455
147114
-584838
-710610
-389073
-536785
-175354
-712740
929969
456120
-71255
612735
580135
595896
251684
-426234
-836484
-793240
-229439
824378
272758
-454345
-179256
855060
588191
-937727
953383
-99735
536935
533634
-588584
-675881
560128
-890688
829582
622565
456180
158835
735942
-169021
-88645
-399283
-44163
-224242
-490794
978767
381063
-340434
-361024
716948
164840
-358392
660681
-349022
-505099
-260908
236646
-215144
289737
949565
479274
488284
-376352
-967125
316719
-709599
-745918
-546925
-788791
-958883
-345237
-90377
-58066
557318
519895
-627430
902230
-526326
-351143
-34462
-897994
289575
-155419
-277063
-352699
-963998
-831338
347946
-715349
-325151
668902
17598
-189699
28830
-491714
-630448
155347
-214117
-101270
-394255
997216
-593341
-765820
615345
-961984
289840
-401030
309090
-759693
-696889
-337049
407187
-374417
-67915
752018
-217110
-308970
-995294
304930
931064
-396193
906788
-935688
-654206
424518
791180
-547416
102210
-720446
-414730
-977396
-345473
-248068
757977
910397
-120878
254441
137457
80919
853585
47576
-338750
911692
729433
-166110
872220
191955
460697
-199779
887534
-990327
-702529
-757042
875143
-583434
-48976
297595
444655
983641
-273222
-38602
-200393
-792910
-861072
-980536
-776220
674749
-247688
23408
-786512
-758077
52890
-224667
-212124
925211
329539
183296
-543919
-629349
-758052
573177
-83836
-996957
458945
444140
-9607
-958248
457539
-789102
149220
-838946
575516
552011
-456962
463459
885392
689029
152
-157555
-300996
458631
-254142
235646
108435
-312519
-159181
-830188
-74173
-105316
-950979
-900020
-599793
603930
-557746
372482
-776695
697148
255899
705461
382814
-864554
448138
-151999
-513793
-606832
460246
-175923
465832
-169141
-362103
-639813
-417575
-624386
405872
991940
19570
-491439
-667323
-322402
-43251
-20343
-969025
250339
527693
55500
334512
843095
238756
-279585
-400473
873158
-97348
470115
979547
-511805
917488
885848
-10313
-907833
-749584
-750650
-120662
-278006
-339198
189284
179832
-526268
-915888
-663402
-135550
651178
165560
942050
54088
84101
891486
428797
91081
-217067
-524743
-730026
475064
913588
500808
-345368
-947581
101651
-37089
534468
-700805
-962493
-839908
41042
107375
312374
-673983
462058
-622975
-651090
-262603
857762
185788
-192061
-788275
681546
840145
-835732
-445282
-635723
-962437
-427832
-672858
-392012
-560420
495447
721491
588461
-989927
352265
930084
384900
351705
784839
-865243
-44179
543301
-805254
-609907
-377645
-443539
759492
-895237
-558351
-41310
539674
511831
795875
185118
219288
693649
-196585
822521
355387
785904
380064
35861
692469
610186
-61515
-837751
-990826
194853
578515
-763191
920579
102203
-38379
-110578
356372
-975247
-83543
351317
439020
-569085
-176228
-938289
-124014
115826
-996884
-667104
168422
-280787
173121
-292362
451549
-295109
547066
249956
-755162
299842
-511378
-715530
978838
501533
-996170
788433
-610940
-801595
-829479
22376
358857
234913
-997396
-93245
-367441
-32776
734383
-716439
-431892
-140567
446365
-492254
-891659
53658
-799567
-25727
-908994
317166
-551365
-793707
-889674
869607
993729
-41887
-741701
588595
-576272
289226
-340649
-582546
-954430
645512
429518
-948987
-709463
-709996
37004
141032
244581
-862197
-349571
-162039
-879881
227388
-408191
910152
-918550
-87594
-705497
-32750
972517
-736498
-932933
948195
23364
-489384
262596
843953
563999
322540
-738682
-800373
-491587
-423643
-412937
-821141
-822151
-17761
456053
-586025
-793212
146601
-215261
-856151
467855
-721201
-234449
-573209
-86483
-502456
475976
-810487
-20461
-189192
586459
491260
907420
-501840
-420785
-212562
-451504
-19137
372670
-518816
364669
281817
-835729
-955924
-947549
117924
-876710
-231120
881784
510296
-437676
-766950
-75433
130145
931964
-815214
-10411
697130
-628289
-540749
405844
605774
418637
-799716
-482473
-152632
-346992
966784
-219510
831154
587229
639382
98552
679505
-36025
-93612
713234
521793
-131120
74840
-971447
-793888
-905027
698044
769861
582644
-174493
378742
973104
234132
-625176
90145
745525
697657
-211501
-552026
403021
844881
42160
-918469
-91720
757458
-927527
-700146
66953
-808356
23359
-702954
612546
87064
-291673
-32684
112998
-735329
302543
-518742
241654
-697992
-412358
-870210
-135312
-889071
674854
-937983
-348627
-489164
-578571
-141819
90594
883224
-752414
-858847
-973977
-919508
420832
945857
559983
76668
-438597
760040
157085
508784
-573712
-645804
499988
-787864
575824
330049
-290694
-38148
-853331
169556
966033
-967914
321995
213343
-47389
-771831
971128
239202
-74802
-214594
538629
-342491
-570769
-956707
493187
791598
-534801
376435
307647
-552610
331315
-940802
-940195
-180593
-892049
-744008
453931
-282419
283325
-613946
-530628
144964
-580060
562270
861048
364108
255219
-990531
-730362
616421
-444735
-313052
605597
865541
230443
469960
-363441
-612034
-302114
-37906
97362
-864339
999485
673498
-830799
246316
797434
705498
-992261
146839
479111
-686648
-248981
-900731
-189401
529596
-10431
-239261
-418508
796348
-517309
-424732
648481
-475671
-301330
823301
248943
826341
789287
809240
-837518
-114888
910630
701720
730842
164052
-660080
785486
521421
308298
-78410
-142493
-123023
-384409
-701348
-613568
-65418
756044
-384536
171417
746211
-687323
799695
38997
406862
776073
564700
-992483
-111149
-483078
159536
121733
-423493
-103137
-948909
809498
-434486
-595597
892981
-323845
-270672
366718
881598
349502
535137
-939227
-623078
965944
790987
298053
-847109
636323
165034
-249414
516568
383185
-980755
952581
-186728
363937
264310
888895
832006
889667
-501951
827080
552594
947390
-246676
957543
533729
-195316
421339
353767
-68841
632760
-131324
659747
935579
467486
880167
349375
182868
-346421
-901904
649737
-185276
-712471
361796
872097
-318985
864828
-104329
7622
663168
435277
945090
-624425
320133
310960
-967426
726870
-389050
-582010
-253546
831495
899301
406903
-331811
812607
-504830
92495
718995
-738152
-231286
-425089
334262
152699
785587
-451514
-513225
-283096
404782
384010
62296
-303975
-125015
13383
-95667
-93775
875583
622022
-321387
-88647
591490
364131
-826038
-198928
-602212
-693195
322850
-60059
-377075
44064
153549
163290
543675
445070
-698964
39379
801812
725061
539017
73946
99697
463879
168956
904872
5605
-977989
966941
-967223
-975045
255378
145782
-901929
72762
-710437
-978679
-568009
563864
-429857
-562934
-335578
-95964
-831469
29443
776324
248935
-741174
-719055
112842
683
896750
157987
-488320
341893
-820373
-188601
-972787
-212898
473867
191429
988269
253785
911654
-59658
375355
583940
739904
801937
-383334
-528919
-74748
-788752
576998
812352
972653
-882767
-876760
-271553
907211
224550
505447
299769
908093
-941192
-614397
-972457
-233583
-448373
-728407
-395569
423654
543244
559685
644861
512622
862814
354262
-631965
15198
-940055
-755310
-49912
-168490
-86979
-328695
-525603
846473
956679
104023
458539
-11061
514830
763072
-642603
-55498
485842
910733
-28369
431199
869946
-126783
229452
119822
102070
345499
297753
951464
318613
294622
-554807
-596770
-82461
-511910
-504120
995796
-399901
-115568
689708
574759
261189
-420196
9754
997768
-260643
-326032
-386751
-662175
-609822
-258462
-256780
-513606
-406138
-729516
848881
394398
364246
827744
118906
705875
715351
226576
-900378
632613
-457084
-142818
523598
842146
-188455
-541453
735933
363439
-257912
-488277
214594
-716927
-187646
270264
-459495
-323729
352260
594048
365468
744584
273629
941588
-93098
-376695
279529
-188250
-905048
-402310
-277407
-641071
-196256
-379320
-923339
-755079
-565170
-552441
41211
-942390
437011
-178646
993226
-467672
-557787
168794
963369
-909609
-86189
864790
847885
115519
-293354
164327
-590673
-968821
391711
673617
-290836
727609
767432
147115
-568395
-302909
157198
-849967
628800
-141835
155560
68472
-27641
-664452
342633
159099
159142
522267
727939
886510
-818745
-18579
-969640
-787366
863175
317832
-937466
50068
484680
-926309
189089
-341440
773735
-358178
307400
-378860
-131029
-761053
518480
-17472
651267
698936
-737719
400224
849635
900166
-249307
-734197
169623
-551529
888802
975767
293772
8086
-806597
890490
-632003
-706164
4154
-58930
863759
-34632
-377389
632641
-23510
-160247
-833719
12235
-874044
780394
329389
-589936
-755583
-997736
-305250
-398198
181579
-510496
799323
557758
-880606
69584
963907
510520
-633645
367889
616912
-614073
-929924
200081
838032
258045
-774569
-168501
-499266
-614960
312110
335802
-224272
984193
-776988
-271850
-480852
-626253
427711
643729
514908
-774178
-34777
430407
520626
656013
-172768
-273623
547252
-616408
-428055
-335165
675444
287945
-537716
96429
158711
-767014
-674301
-576506
-990654
444680
-645552
447260
437786
-148389
-314422
-463326
-5752
-911387
380578
-885884
-491926
406903
-638035
-999975
442293
-765629
-572754
-566063
-52411
-148299
536605
-214121
-698526
114041
480105
163260
226147
342460
850860
-382314
-183325
54498
-856438
882801
-767609
80216
-882870
712809
324930
-726027
-721170
-187932
886734
-22523
803400
-618654
-884273
-905685
327000
903869
963263
-980739
-957941
-938012
-333438
707694
314058
787724
281737
-686668
907429
230753
-218844
205449
-254357
-961363
-700019
173756
783270
39086
-671098
-245295
-938919
-543546
777933
-450891
-682613
174752
-630422
80826
-813737
790761
623486
312575
733735
685421
287129
-36967
309013
-621981
864361
-913684
-84334
580086
-763975
123924
-703485
41640
-259226
-536038
431676
-4728
-212755
110
189645
88592
-961332
341185
-344777
272224
-956867
805511
825324
944853
-549081
297343
-804535
-633078
882086
-312743
-557687
184696
-881960
661640
-926903
-292102
581511
17746
273587
450169
741137
-882315
-732046
-589307
510237
944842
914990
-203333
-177034
671696
-427803
898180
-927438
846874
471994
-915362
271621
-290595
796936
-429807
348062
514455
-885089
580133
-512052
-917531
-867140
-145005
-509701
889259
809991
-67190
170818
-266346
636969
-322835
-775719
20567
888968
937598
544575
105918
-274768
76685
-8240
657987
356331
216013
-73352
966712
-761425
-676463
-297811
348008
787040
769481
-519330
-929825
-312899
338693
817594
679539
165075
-737563
219553
932966
-672640
-869218
783112
-292074
-778892
967783
-153145
-812903
-326526
-551299
-239874
601004
-404968
181555
555764
999905
-218912
-514160
-636380
914924
765768
502721
-25586
-300877
10205
-520732
948360
267846
-164988
-460491
371940
374406
672535
255216
442196
-67813
727739
464521
-401838
25234
365569
178149
-125142
-916166
827268
967759
436059
807691
-277384
-144280
-724811
-171411
-517479
-537784
116012
-287392
-647478
-686767
349787
-242196
-434908
372501
568540
-609636
513649
208809
-834084
-198343
-683525
17830
-289612
154510
-533838
-839218
942325
-498862
1739
-884082
156830
936586
-805234
-9439
888052
-395933
85714
75396
79224
-375264
-361527
-946476
-17056
-430758
122330
-376969
-179782
-525302
-588218
330332
455547
-81659
-377235
-112241
-398471
526806
233728
829945
-43735
267520
313190
-839270
590278
-269253
-731923
-263481
678839
-477604
259446
-810869
-428160
228731
-95222
312462
-806799
868605
-492250
-513046
-526168
-837645
-684241
201174
-718945
708910
-828371
-831583
640066
-383196
-918022
-163824
375862
719870
-989260
732615
-451713
-607104
-880386
373935
-679745
-756211
-343718
913303
-148536
-852876
148819
-904993
856168
868146
400899
793398
4797
-395046
480675
189049
-677480
-533188
549403
339209
-939836
-783370
-631813
416194
336498
325959
-646798
-704621
-252360
-427118
830692
918446
-157207
-932364
913214
465716
11645
416662
470086
27847
223469
801515
-8420
-352729
-784371
292797
-173821
318589
215961
890114
-420797
988725
-64731
-831065
426440
-49723
-734300
659247
-33718
-74824
656765
169256
-392809
-565265
-993396
340969
211765
111120
-85800
-883490
-467273
-799295
-700480
232107
-155087
535903
-90546
73377
-960468
502318
-176997
960320
-146575
351462
467700
90782
-622502
-68977
538438
180305
676584
783245
-459598
968186
-461907
737620
-310644
-481261
-471257
-835398
-704672
-193598
170022
-24906
-167062
-874073
-371913
861847
666992
984078
982128
593658
-171684
667321
-790460
847830
107001
-260798
-796395
35622
635624
121836
-991643
-599915
-695003
168061
-788197
228699
273364
-131456
-49121
931640
-48958
125232
273777
538563
295051
919211
-854635
-48264
-761466
-399111
242480
-594251
-970429
542346
585774
-557767
-894372
448849
-458581
704197
62230
-602488
550844
307280
659338
907531
-484264
-187242
-791628
-719712
432093
504419
438877
-942751
312849
527181
-962436
-463332
-520278
-214830
377852
-14838
-547399
338202
865754
-175619
105010
679890
-30739
771675
170319
899601
-46781
625039
-898860
-203473
994757
-18634
-465891
-337382
954291
876673
-158547
997810
-52629
-734145
950441
-908959
-258960
-754051
861435
-815820
-419719
731164
-368210
562053
814650
-990296
744294
-149056
-261241
-153406
400062
-446572
849572
-436410
-653665
519061
375370
376208
-296011
875198
-274785
121483
365135
422796
923511
675639
-182490
274601
-331499
503445
474423
330540
-150505
-571185
-194817
-132497
923538
-661185
891940
-996592
845830
561113
-800766
56843
983918
333249
-398225
504191
-814940
396038
-49834
-987306
893495
-654935
-738123
763155
755838
-815868
712145
678350
307032
450539
-979738
616173
965436
-2335
-256133
-48340
-322219
60907
-953347
307346
-150927
157554
-580316
-364435
-956306
-932143
-6078
810341
-747028
610221
821646
673841
-187493
626008
504457
339755
-607915
-763748
-956363
-535468
495238
-851729
128866
-471121
-383695
340787
-475743
-651563
862804
-177073
334316
443390
-215909
52240
-166892
-240776
584723
-507329
412060
124328
688792
568389
87905
947877
872434
506130
970496
790045
166935
924521
226388
40299
-149682
-154937
35308
-681352
-771505
207815
662429
75326
-97297
759031
540460
-642922
68369
520188
824911
-558349
-579671
-43226
-96845
-581327
-944913
-55791
-139306
876270
865066
217891
683483
-413404
685404
570332
-395653
35508
-503260
-609204
-491465
595844
593961
-595556
-219151
531266
-849212
520578
703847
-73707
-826048
234639
581589
583362
123929
-371926
-479245
780088
-753221
-869225
668802
117717
-280155
494062
-596688
-607628
277015
-653332
642037
-53400
898642
114790
402001
-588429
508881
-886487
-519032
-79690
-290375
-670027
-481299
-356900
238146
969304
-800190
197089
167704
-621821
157098
462362
-791553
-73444
-482283
-703445
-571793
477775
-458488
582823
758381
-930057
-899108
623869
598100
374438
558138
886466
233250
-841975
288731
107257
263540
-825366
167124
-229843
57781
-729505
-407712
917568
59726
-339235
-862123
38378
163235
377085
-301197
999115
854411
244059
825085
-868913
-164129
89479
602069
171264
531410
-539837
546232
-936933
-122896
-29460
754575
-974308
-277836
942600
-33689
-926871
-630817
-492800
666095
-95483
741143
-988237
-808233
681652
716806
625870
402701
-205301
302114
424654
428417
875906
151222
-174581
-143594
873743
-973096
654988
318614
999564
672064
-894852
452995
-795178
-539472
-769742
106729
-164569
515744
-943692
-554918
-723012
-366981
-177791
116349
303682
845141
-699241
183243
956409
12818
585125
-973742
88906
876680
100279
-604908
109308
-593916
33837
-61083
-943314
-787094
-358271
41693
-788828
362610
786580
-356806
-453047
-294164
-617264
-723882
-683156
-372671
-253509
-716058
627294
129934
115840
-176279
505496
-604139
-443025
539683
536560
-757136
239451
827228
471635
-937789
558991
-44913
900012
-647788
-466553
61820
-287174
280322
638191
232117
-450496
-90207
914731
-625752
595234
516664
983407
79864
-128738
-118959
-834900
-471666
-646625
828202
-884310
284294
-153056
-939986
-12012
784939
6648
-742468
-343177
-606148
-787609
165513
60000
-992148
482769
-713365
407167
318782
584384
-148542
-324856
523431
-613030
-151635
-405207
374294
310253
-885497
-213175
91010
-766295
-584830
-983757
-796599
-582028
-772356
218030
8880
-849784
-957615
464475
323806
-704806
188276
169023
-376248
607459
-634113
-100310
747061
133525
-372479
692655
548418
661470
388165
264098
799991
-368461
852074
-906615
-485881
129848
-654619
-836529
-182713
460325
107884
-839749
-822702
-953004
-383209
771640
462323
-482326
637885
902513
-121306
-368083
187778
115392
-189204
60292
6163
-236575
-299177
595261
-397668
-385581
601242
57492
957507
-901514
506524
648851
723976
-543296
881760
-307509
947417
-351812
372622
-910838
987869
-770833
385847
933646
329957
-192573
3192
177831
266457
803050
23066
-872093
-974849
487882
673758
-44167
969921
452777
82155
18996
-750887
-993795
336431
699783
800913
755155
-826411
-441356
771568
-930817
185695
166231
59376
427685
-137218
-647146
-810361
-622512
-119644
-639482
-458321
688784
135834
-839235
-301517
108244
80678
376529
437298
-996567
-200332
-223078
-635837
444140
304392
-53243
806314
-507367
144271
296898
-192161
897300
-310014
260826
132276
695551
-639698
-535271
-486578
-685156
200950
721027
458226
-731684
-976409
636286
781035
288126
-522009
-159829
522818
-855753
895940
-316257
-713625
629018
795412
791310
144784
202481
-33158
585078
19733
529532
-545938
332742
922157
-189200
755979
-945786
-40961
-878212
578996
613736
582757
-377993
238936
526453
-361516
-403542
592154
342483
134039
-408208
787753
-49273
47279
-421119
286205
471300
-381326
-764858
388824
-333956
-45201
-436929
129001
629849
612941
464794
-203764
288577
-82124
-228439
793318
238370
-718817
770118
-301993
743539
-324822
-30896
-791702
-723945
-9054
-752325
147306
543329
-779108
-223709
849583
-654968
809168
-231125
907311
925870
133146
383462
934377
935949
816307
169101
316759
160317
-549126
654751
-718082
18532
-860492
186812
848264
997552
-453621
868624
-234813
-311677
232359
-1844
862635
118830
190891
494322
-315795
-606805
384424
-889484
-37588
-567168
628296
861173
391878
922351
-411381
-410854
395843
-962298
952408
784383
322617
251166
286424
683266
509789
-216001
-399497
-857779
-958085
635270
477783
136365
975335
544291
283431
235655
-927969
815964
953585
-420392
950098
-703616
-313524
-224588
516793
-373279
-281991
872550
730636
518446
-704631
-710879
650883
876595
774387
-364157
-337430
-17099
-776500
271969
821930
912874
-236611
-11456
918378
-312370
-317375
331237
388625
188145
624618
-995048
411753
-47988
138301
371326
562250
280235
572619
816086
-787891
-260698
-596636
163293
-28365
-373941
-104245
54408
-145089
493619
396007
577570
-479368
-834822
471599
209757
-278264
482572
-244828
-396391
-561533
-903514
519909
358224
-624982
56953
-347291
273150
668530
-944457
79287
-768372
464428
59793
-378135
-986944
-405522
353197
-780197
239540
898523
-95247
646713
-666619
941902
-299996
282167
151217
641736
560549
490590
-371432
511514
-510127
-603238
-55474
337362
-868883
594548
-139574
407630
-72174
-29495
-517838
371747
-569048
-220521
-695460
609023
293333
-582264
985723
833594
-431373
-590598
949702
61985
314331
514511
105284
844492
309576
-347057
462162
-832360
252573
-787752
-396432
-682747
-70141
210856
-844421
-773198
-765592
326643
-75906
-555665
815918
836812
-360038
233686
-386163
-966837
-704937
173645
272913
28688
-32344
-877477
619827
-347530
87930
-939923
-958950
-521951
274796
586153
411872
-863421
644510
75063
-721895
531098
695037
573704
-869064
-766641
880767
-386574
-684239
960583
480894
853041
14649
-919754
385318
-274842
732389
-12173
-296488
584121
985185
-641317
799469
735143
-324852
50656
-692585
254987
-570374
195767
609037
643124
-611866
876380
-136172
-137242
-647923
56051
-344643
-131704
-756405
131247
40308
631678
-922131
-652068
725608
-230751
-466375
966871
-813645
242965
-480539
-538329
-461310
-450787
50932
-559320
655774
657730
-386099
-802281
-766242
-195256
385932
-138489
379514
3133
472002
-442213
-517214
107323
-217501
-110213
44156
292700
557185
-912126
-367462
-240166
-424783
-648138
-272485
256282
220499
-122711
843460
-929740
-163892
207416
-315821
991163
515353
-777824
3838
-173631
822922
126562
-151197
385487
-579288
606893
362549
-811002
-990252
-443185
620112
220812
427981
506313
-31151
-229592
653969
-870166
-175347
195246
161080
950768
-929476
186359
-475979
24688
457624
-327660
200297
452149
-144100
436600
-98361
-518205
323395
-899760
-157733
-757730
-241946
-55460
949065
-115375
601892
-180312
-210596
-619891
529052
-147103
398037
-719608
954796
78730
117175
197334
23253
937886
708774
671132
-301591
-651495
-87021
-595012
565386
-136080
-305898
-569251
-759691
360084
-648755
114270
-147737
-96861
-727087
142521
-409265
-71387
-170960
252091
-588973
-626695
793253
222529
173083
-414887
-325992
-886123
114961
363385
-844844
-854610
-785652
453489
-837827
274270
-758690
-606629
481071
988000
645905
-262524
-335284
223980
473934
389715
-309871
-166885
829568
-971185
-406090
346491
202126
-162974
-190949
-354556
823799
213607
-366850
-485421
926868
-836447
972782
966481
-775589
990518
-997944
436604
397406
191488
569982
-117487
179478
454436
811161
-187976
798975
670152
-636918
-368848
-356823
866037
790787
-875726
-409788
-677649
-204036
995758
57846
97629
-844626
-655097
71970
-453970
373302
572429
951189
-110302
-535439
158901
-424883
-397943
126597
954162
-945715
597432
-827523
575515
914089
441527
-119720
923930
137977
-404934
-227249
219787
490743
828808
-20685
-837706
-671617
-18660
-769244
-114922
886863
-757866
389100
-499307
-55475
-774188
-313482
-501438
-631848
-871135
-536254
161337
-348027
-297873
-980376
-49137
711992
-369323
472994
222820
-471942
713783
853983
539708
158272
477260
-502061
697267
723762
-631831
-943052
-704852
-177159
-958069
373567
-386751
-551563
189438
738914
-274228
-383935
975844
982553
-162506
23645
970204
967069
639467
355649
-425745
980673
905997
440935
-558484
-168187
-767332
-919189
-512888
914763
-24710
379344
258048
-913390
-293756
-678062
-186142
396651
-159654
483488
-444103
52317
466347
670502
-578150
-930192
-795564
-196160
-979337
-3392
-173425
106885
693401
-538229
241882
-210613
688225
-597214
628001
523609
-374393
961348
583732
649989
865153
-421717
-674030
-482449
-338056
-989198
-293950
759017
949190
-507170
724780
890505
-584540
643956
509112
15053
160590
-631479
-174134
-315424
-897675
-918568
-386914
-125204
-280252
213659
-938214
-986754
757018
-906305
